C3
67108866.54146896,67108863.952169724,67108865.67955522,67108867.351958,67108863.67329255,67108865.32987091,67108867.79660049,67108863.690669686,67108865.04221855,67108867.87071566,67108863.63784768,67108865.92968853,67108865.43470158,67108863.80145095,67108867.64529958,67108858.132796824,67108875.95213997,67108870.16231097,67108876.12676299,67108876.71890685,67108881.86902663,67108899.32899594,67108890.74395813,67108890.12239963,67108877.07252783,67108872.5921308,67108866.39723028,67108866.11310194,67108864.0106391,
67108877.45579003,67108884.03706639,67108873.57289286,67108877.01300998,67108882.49687816,67108875.86291239,67108875.72739193,67108880.28170963,67108879.30536652,67108875.19768687,67108877.44570555,67108884.98329723,67108869.54076804,67108863.42858201,67108864.50395785,67108861.55303856,67108871.84110591,67108861.235402785,67108878.85157003,67108886.53220236,67108870.35253386,67108902.53164458,67108879.38919397,67108875.08270061,67108889.90530108,67108890.37337847,67108865.68557936,67108861.78834634,67108856.366174355,
67108867.21789579,67108862.61287218,67108866.42146228,67108868.56555419,67108862.38272047,67108865.58838692,67108869.32537207,67108862.63155741,67108864.79662651,67108869.59867331,67108862.822719805,67108865.59641814,67108866.24265735,67108863.951409735,67108867.75187096,67108858.00671295,67108875.55997318,67108869.51740628,67108875.90074593,67108875.38917372,67108882.80764857,67108897.8512881,67108888.66933799,67108887.74998733,67108875.23454209,67108872.12102214,67108865.40513688,67108864.97086471,67108862.6323446,
67108863.67312167,67108858.83710581,67108863.46041709,67108864.77667488,67108858.84649185,67108862.479057364,67108865.63255349,67108859.38001754,67108861.32190065,67108865.845168,67108860.010807805,67108861.0253564,67108864.31599194,67108863.69626678,67108868.4575411,67108856.75042559,67108877.70802572,67108872.6344633,67108875.48084092,67108875.33738342,67108885.24109371,67108900.53189069,67108895.2300028,67108895.73211868,67108874.8643085,67108868.69291207,67108866.74426576,67108867.4241482,67108866.00470205,
67108877.81475155,67108883.49891566,67108874.0193488,67108877.62446049,67108881.99749744,67108876.07531582,67108876.47508922,67108879.89751461,67108879.27389471,67108876.05983281,67108877.16127391,67108884.93218015,67108869.892856,67108863.53622908,67108864.53160939,67108861.66228649,67108871.45425878,67108860.992651254,67108878.71151301,67108885.2985722,67108871.01921858,67108901.37877944,67108877.58080718,67108873.60727799,67108888.50238635,67108889.92641492,67108865.41958056,67108861.48886719,67108856.0067105,
67108868.98527567,67108867.16024417,67108867.50416107,67108869.80356655,67108866.63809511,67108867.4538188,67108870.08785324,67108866.3323613,67108867.64916866,67108870.09707998,67108865.87925833,67108869.3879219,67108866.71205206,67108863.82780026,67108867.11780503,67108858.67305478,67108875.00648221,67108867.87835045,67108876.60836239,67108878.68809928,67108879.3888965,67108899.18769851,67108888.36334246,67108885.89882143,67108879.29156783,67108876.02238026,67108865.34127675,67108864.17255649,67108861.29187661,
67108861.18312405,67108855.10345029,67108861.47451371,67108862.34579561,67108855.32329659,67108860.147956036,67108863.480102606,67108856.23173126,67108858.40439983,67108863.68599227,67108857.37996189,67108857.104180515,67108863.309250616,67108863.74292548,67108869.11212488,67108855.96706874,67108878.79664904,67108874.3839277,67108875.08693893,67108874.81381741,67108886.3778687,67108900.45339845,67108899.52235323,67108899.56447548,67108873.76219824,67108865.51161891,67108866.64947535,67108867.97668846,67108867.28690524,
67108876.4825224,67108880.64977905,67108873.06787981,67108876.52740511,67108879.31070021,67108874.71993144,67108875.66796614,67108877.5418707,67108877.35015103,67108875.33156046,67108875.22251357,67108882.3385639,67108869.52868947,67108863.66024003,67108864.98992333,67108861.23040555,67108871.85944323,67108861.889588185,67108878.34284458,67108884.07648608,67108872.15294866,67108900.39608903,67108879.03853273,67108874.86078188,67108886.77721097,67108887.55615819,67108865.07950357,67108861.521357834,67108856.45979156,
67108871.92749928,67108872.95174795,67108869.66774732,67108872.33700001,67108872.09766994,67108870.38880137,67108872.07337032,67108871.14337131,67108871.68350211,67108871.9375247,67108869.86652061,67108874.7911655,67108867.6749937,67108863.635145545,67108866.13409066,67108859.66825636,67108873.92286766,67108865.76032461,67108877.38241395,67108880.89249888,67108876.82854064,67108900.46571562,67108884.75725164,67108882.33956003,67108882.52180436,67108880.85779849,67108865.711179,67108863.658832625,67108859.89261545,
67108861.1062216,67108853.665322915,67108861.57501415,67108862.61357984,67108853.9710846,67108859.877045855,67108863.946315944,67108855.06941441,67108857.74665593,67108864.33619452,67108856.400153756,67108856.32621007,67108863.35239521,67108863.837078,67108869.54432748,67108855.69289682,67108878.84217003,67108874.65934463,67108874.66254812,67108873.31827202,67108888.52569793,67108900.27775268,67108898.00611436,67108899.6065886,67108871.8291246,67108864.53715245,67108866.88258316,67108868.45563631,67108867.74562308,
67108875.66552821,67108878.25151795,67108872.78719434,67108876.02611527,67108877.11766906,67108873.96175748,67108875.44610131,67108875.71077009,67108875.9669712,67108875.27644785,67108873.80006015,67108880.30918255,67108869.59620024,67108863.71646538,67108864.43232203,67108861.40391325,67108871.67535861,67108862.96685688,67108878.08971122,67108880.48723994,67108873.14180712,67108897.44848907,67108878.22195223,67108873.98709719,67108883.07541339,67108884.47902934,67108864.8000437,67108861.72589843,67108857.07525209,
67108871.27786529,67108873.72303824,67108868.46457231,67108871.28089131,67108872.6954532,67108869.63240165,67108870.75748588,67108871.41454421,67108871.5113098,67108870.41917416,67108869.85218713,67108874.99244082,67108866.60145003,67108863.348556094,67108868.06712511,67108858.462737195,67108875.50723079,67108865.41506398,67108877.56257747,67108887.19500211,67108877.35216147,67108907.15054378,67108889.50604217,67108888.31872505,67108888.95573255,67108884.42951971,67108866.36165807,67108863.862294495,67108859.835099824,
67108867.85741968,67108864.00244734,67108867.92136896,67108869.08767408,67108863.97306015,67108867.11150143,67108869.83597398,67108864.43292913,67108866.08185911,67108870.10962917,67108864.70848389,67108866.41192766,67108867.40912154,67108864.08184442,67108863.45719643,67108859.64422766,67108873.65150079,67108870.92050645,67108876.42995124,67108866.55802073,67108881.36962493,67108889.76852296,67108884.2849254,67108881.9758463,67108865.87774174,67108866.71329628,67108865.9120423,67108866.3281203,67108864.6242396,
67108860.62470091,67108859.22150539,67108859.93168466,67108860.75192925,67108859.09750901,67108859.775577195,67108860.941792816,67108859.06422829,67108859.7152337,67108860.96805844,67108858.79549408,67108861.22504003,67108856.83586891,67108870.91395491,67108882.51667655,67108869.61466871,67108864.40800866,67108867.61265929,67108865.98386396,67108871.11717835,67108864.81182563,67108866.02516928,67108868.67183809,67108860.814136684,67108875.44660543,67108864.43358912,67108867.41530591,67108870.2881716,67108871.98530167,
67108858.88230894,67108858.57151221,67108859.48158891,67108858.82432624,67108858.664113164,67108859.52534081,67108859.23373769,67108859.056135796,67108858.951221555,67108858.86707774,67108859.409995876,67108858.19355944,67108860.19046029,67108854.24045702,67108865.73079154,67108861.111771695,67108863.722163625,67108866.94276156,67108861.938643195,67108867.42922641,67108866.38536128,67108859.24416683,67108861.777504206,67108860.452508256,67108872.75207455,67108875.56663989,67108868.1867111,67108866.00589098,67108865.14909664,
67108845.68306085,67108836.39475154,67108846.898932055,67108847.22763649,67108837.281502485,67108844.19106525,67108848.29125223,67108838.6290345,67108841.6915385,67108849.36210591,67108841.16303549,67108837.685350046,67108851.897446096,67108853.73623651,67108860.40704682,67108862.731367834,67108862.64685867,67108862.937353134,67108870.62210333,67108873.01969694,67108859.51438232,67108858.74814513,67108853.678721905,67108851.618670866,67108846.611564815,67108848.479861215,67108854.6415608,67108858.10945962,67108857.481870845,
67108838.19792601,67108828.17672089,67108836.93953875,67108841.07135667,67108828.06056929,67108834.602174394,67108842.171865396,67108828.533850625,67108833.07927384,67108843.417387106,67108829.29173826,67108833.85242074,67108837.421333,67108831.6240215,67108835.51346721,67108842.50379967,67108848.06220576,67108860.00560848,67108861.224910036,67108859.26888481,67108859.4467945,67108859.548438266,67108857.73831139,67108856.53283281,67108858.79469163,67108854.254862666,67108859.92129511,67108863.61704768,67108864.16091558,
67108827.03839922,67108831.14153471,67108823.98085739,67108826.48965897,67108829.928559944,67108825.78928068,67108825.963722646,67108828.52207312,67108827.95059064,67108825.05785329,67108827.14405422,67108830.4763864,67108823.87212113,67108824.74931122,67108816.80155278,67108811.6861578,67108802.654848695,67108797.82644401,67108806.089080185,67108813.455758825,67108814.42799689,67108806.84276715,67108812.583312646,67108814.61052033,67108816.32835634,67108813.39598028,67108819.66372638,67108822.42192502,67108823.30069654,
67108831.97513371,67108830.64235947,67108828.795118436,67108832.96334889,67108829.89461751,67108828.50978735,67108832.12178404,67108828.44559867,67108830.3321599,67108833.182862096,67108826.946026124,67108835.03164252,67108824.20550104,67108832.773385495,67108835.12730306,67108821.81855352,67108817.28403318,67108810.24530628,67108799.71717467,67108780.421069115,67108789.112427086,67108796.00358788,67108796.06960432,67108791.88328096,67108790.469131395,67108790.10030113,67108791.9380193,67108792.43070568,67108792.76219362,
67108828.07215545,67108824.319903836,67108825.60150379,67108828.59754658,67108823.18193505,67108826.3755872,67108830.50886826,67108823.508156486,67108825.516930886,67108828.54668694,67108823.83991077,67108826.08900273,67108828.29985532,67108821.92654663,67108847.35115901,67108844.95679976,67108828.29324302,67108827.82352363,67108828.97172308,67108833.55122877,67108803.28217135,67108785.62196986,67108792.347402886,67108794.8301588,67108799.71883165,67108791.13971354,67108790.432885535,67108791.2188761,67108792.09396166,
67108827.03408998,67108827.21072367,67108826.604582526,67108827.08409539,67108826.74322801,67108827.33685113,67108827.84558955,67108826.95561595,67108826.95826977,67108826.89099585,67108826.79016606,67108827.057751276,67108827.47378653,67108824.50860509,67108817.00751867,67108845.89521132,67108853.02768647,67108826.37919337,67108823.8673986,67108827.66907616,67108826.661952406,67108827.3624499,67108802.75930054,67108788.33088091,67108786.86482539,67108784.522887886,67108791.62457628,67108795.71011937,67108796.08771235,
67108826.312798515,67108836.24288311,67108826.03227617,67108824.07649501,67108836.04954549,67108828.140257366,67108822.208549865,67108834.641189516,67108830.849619485,67108822.15943392,67108832.00593903,67108834.65181923,67108819.5754508,67108833.91081679,67108821.34913995,67108807.985414,67108848.081495374,67108849.98082093,67108820.83690784,67108821.93548195,67108818.17913875,67108828.02932098,67108827.48240108,67108820.9226289,67108802.43657902,67108782.34434264,67108781.786276475,67108784.87064884,67108784.849419594,
67108829.43361445,67108842.241431884,67108830.23374235,67108826.63358505,67108841.977822945,67108833.32951197,67108825.13407969,67108840.96143003,67108835.779820435,67108823.74522195,67108838.882311,67108838.25181429,67108824.37869067,67108823.90141997,67108836.73562162,67108807.87135322,67108824.31909228,67108849.74071033,67108855.18358984,67108817.16533756,67108819.007562146,67108820.37089613,67108820.742283896,67108825.414628275,67108831.233526975,67108830.32432609,67108816.57669229,67108812.56662327,67108811.20379833,
67108827.963816196,67108853.79768519,67108824.655337036,67108821.61119051,67108851.693081245,67108832.554019295,67108819.03912322,67108848.52115396,67108838.97977288,67108814.60333533,67108844.35765383,67108842.4106777,67108824.566794716,67108819.46580665,67108842.095831245,67108827.513784364,67108824.581256695,67108845.34548106,67108851.2713388,67108853.385797806,67108820.30417739,67108807.327694215,67108813.54856025,67108807.59065818,67108802.80533594,67108819.84214321,67108825.255873516,67108824.41254309,67108824.03566422,
67108819.18421172,67108852.968653284,67108817.60390183,67108809.28327918,67108852.20060632,67108825.8935327,67108804.04180664,67108848.30627153,67108834.48301655,67108800.08909695,67108845.312534384,67108833.10011831,67108823.4115696,67108821.03730997,67108825.910128914,67108847.035908885,67108822.0305879,67108830.28699088,67108855.277423956,67108853.36622816,67108850.97194463,67108822.83943641,67108796.66305077,67108802.41433785,67108804.02366256,67108805.14138176,67108816.718163095,67108820.296759956,67108821.55488579,
67108824.80304129,67108838.99591557,67108826.06451683,67108820.508386046,67108839.79941858,67108828.06691449,67108816.96019398,67108838.17763175,67108831.919413954,67108816.79204772,67108838.659785636,67108827.30816379,67108832.325841144,67108830.32480075,67108812.89305168,67108840.903475136,67108848.55465501,67108804.25818044,67108833.58666638,67108853.99041662,67108849.37509064,67108858.1354119,67108832.51708523,67108810.12435918,67108802.43843147,67108806.31479488,67108808.6676705,67108809.2354791,67108808.38877268,
67108832.81661764,67108844.68221355,67108834.89089476,67108829.68259231,67108844.98204273,67108837.470238835,67108828.34228517,67108844.5722574,67108839.090934075,67108827.10235487,67108843.421600804,67108838.7683742,67108832.92505586,67108829.282698564,67108816.23715781,67108828.621845655,67108848.26268351,67108828.24070061,67108826.94842638,67108840.89670462,67108842.61547151,67108842.72293718,67108848.48491477,67108840.27672617,67108824.01064861,67108815.39359508,67108812.27979657,67108814.552909926,67108812.59984179,
67108842.5146123,67108836.0982204,67108844.09600555,67108844.899065465,67108835.7810809,67108843.664047636,67108847.93778292,67108837.727425195,67108840.01848543,67108847.185999446,67108836.81531097,67108843.436646394,67108836.40498963,67108832.461473,67108818.473985896,67108829.70193221,67108841.04692665,67108842.322416425,67108833.17950966,67108837.15499694,67108842.687918015,67108836.3518695,67108848.03687098,67108847.707111955,67108841.70889766,67108823.68543641,67108816.96131301,67108819.36697645,67108818.57705415,
67108837.678194776,67108845.04701285,67108839.78120223,67108836.012769334,67108844.91999776,67108842.184253976,67108836.58230049,67108845.48224031,67108841.82563627,67108834.81135644,67108843.51356095,67108844.40630587,67108832.98450291,67108829.26189494,67108819.04480254,67108826.49535955,67108841.24011647,67108844.01947293,67108831.3884547,67108834.14345737,67108842.67559832,67108831.684237294,67108848.0296818,67108851.815253116,67108838.59946732,67108821.40914536,67108816.35382163,67108819.98934835,67108818.31643706,
C2
67109035.70122766,67109023.81908444,67109035.81988811,67109036.69853964,67109024.57984048,67109033.035047,67109038.39982076,67109026.22973129,67109030.02189359,67109038.74860531,67109030.01121132,67109023.567739,67109045.02723515,67109072.13173015,67109067.98321345,67109090.08183648,67109037.37141767,67109039.39033552,67109040.84392108,67109034.93099487,67109017.25925921,67108994.72149117,67109018.2792973,67109007.14501584,67109026.90864114,67109039.8992519,67109045.11639644,67109036.79817629,67109043.65221676,
67108998.50663777,67108973.64423706,67108998.20609911,67108999.89326167,67108975.29960823,67108992.4083859,67109003.24174508,67108978.6469535,67108986.45905717,67109003.52542661,67108987.82669903,67108969.90569468,67109024.25570226,67109069.71693392,67109068.88087723,67109077.20260416,67109061.1373121,67109079.29303882,67109022.33179042,67109014.69050762,67109039.59807467,67108986.10751532,67109033.79285917,67109024.55128384,67109007.12086368,67109023.9423582,67109019.52548131,67108997.47650765,67109008.35555163,
67109042.27171406,67109030.4710989,67109042.49309523,67109043.70921858,67109031.16164559,67109039.67441791,67109045.39455761,67109032.74774505,67109036.68813474,67109045.98337309,67109035.9537719,67109031.6612733,67109049.32110576,67109072.0125179,67109068.32416381,67109089.7327372,67109037.67422707,67109039.73127349,67109043.3167695,67109039.69661309,67109016.3994784,67108998.23639904,67109022.54113705,67109012.94935413,67109028.12370583,67109041.28981578,67109044.81976286,67109034.54847813,67109041.66763712,
67109041.2349577,67109031.84518793,67109041.33536474,67109042.14442287,67109032.38524888,67109039.19257745,67109043.58000195,67109033.7022764,67109036.74464488,67109043.85660595,67109036.45011254,67109032.26911415,67109047.24863069,67109071.9910199,67109067.24998792,67109093.42658791,67109028.71297178,67109026.65901712,67109043.26607917,67109036.43295068,67109010.66935755,67108993.59693277,67109012.55770423,67108999.68059266,67109029.50883268,67109042.6403564,67109050.96133617,67109046.13149828,67109052.13798451,
67109003.33945724,67108978.35907844,67109003.17660342,67109005.06377834,67108979.98896833,67108997.30473495,67109008.43724377,67108983.33548845,67108991.2975198,67109008.9053195,67108992.16350277,67108975.63423298,67109027.6880868,67109069.97365855,67109069.1687072,67109077.03508575,67109062.06735425,67109080.21934721,67109023.923056,67109018.30822508,67109038.58854774,67108988.1786845,67109035.91239916,67109027.37772712,67109009.0813566,67109024.9524754,67109019.9630335,67108997.59649648,67109008.5092505,
67109029.93352342,67109016.20041114,67109029.90937564,67109030.95747331,67109017.08936274,67109026.68128921,67109032.84312084,67109018.9445737,67109023.31803508,67109033.19678973,67109023.52198017,67109015.38731821,67109041.67614478,67109071.36927702,67109068.325079,67109087.35972363,67109041.96841578,67109047.21329452,67109038.59232813,67109032.24212343,67109022.87418123,67108995.40376523,67109023.92271356,67109014.49395964,67109022.09166867,67109037.3461732,67109039.13904889,67109026.07424726,67109033.93099941,
67109044.02802494,67109038.08688217,67109044.01891261,67109044.35065056,67109038.45076853,67109042.7162147,67109045.28991492,67109039.31971128,67109041.13297233,67109045.35620223,67109041.21081343,67109037.92924514,67109047.94367707,67109072.15805034,67109066.91962256,67109096.13944943,67109023.30436243,67109018.01323317,67109046.2742676,67109037.26838578,67109008.60235485,67108994.81944011,67109008.54534163,67108995.46060517,67109030.88070643,67109045.18856078,67109055.12187509,67109052.25337078,67109057.47748786,
67109008.70073748,67108985.91624011,67109008.56389159,67109010.28210807,67108987.41326292,67109003.18947046,67109013.33867463,67108990.45980129,67108997.71789564,67109013.80776007,67108998.4656817,67108983.5434309,67109030.6455705,67109070.22828607,67109069.15999486,67109078.62846874,67109059.29713073,67109075.37478328,67109027.14834905,67109021.53333887,67109036.77857034,67108990.74393103,67109035.09591372,67109027.09643203,67109011.26923385,67109027.3921169,67109022.83717008,67109001.29630359,67109011.73518822,
67109020.25654937,67109002.2427715,67109020.21176778,67109021.588816,67109003.40499441,67109015.98416968,67109024.06440127,67109005.83766033,67109011.58791864,67109024.46810713,67109011.9796061,67109000.84223102,67109036.56367162,67109071.00450322,67109068.67151873,67109083.94111945,67109048.50259325,67109058.18573385,67109032.82570283,67109026.93060456,67109027.27014355,67108991.5727133,67109026.85751662,67109017.10918589,67109017.91285805,67109032.74616697,67109033.03326856,67109017.60407196,67109026.50408311,
67109050.34103514,67109043.74924032,67109050.51537934,67109051.28878197,67109044.04127291,67109049.06181836,67109052.42601357,67109044.98923114,67109047.2250535,67109052.70133048,67109046.4376893,67109045.29074562,67109052.21721585,67109071.95176728,67109066.30063665,67109096.34657896,67109022.14190456,67109015.95607308,67109047.3600482,67109040.56026322,67109004.63834457,67108995.17802836,67109009.41259874,67108995.54164365,67109033.53136042,67109046.22437534,67109056.55995484,67109054.67859238,67109059.74409203,
67109018.49906512,67108997.63903947,67109018.55324697,67109020.20974903,67108999.05788107,67109013.47948503,67109022.8825085,67109001.79466528,67109008.50980386,67109023.6608588,67109008.72493377,67108996.45578292,67109037.06399485,67109072.1025779,67109071.09821099,67109080.27024823,67109058.85898337,67109073.92809202,67109032.13495883,67109030.57290228,67109034.81012249,67108995.83909139,67109034.87882562,67109029.12104207,67109017.59246361,67109031.47444928,67109027.27971324,67109007.22768062,67109017.13563247,
67109005.23060857,67108985.62016448,67109004.8969583,67109006.16874602,67108986.77210164,67109000.65118007,67109009.21034369,67108989.58581144,67108995.68255366,67109008.8734266,67108997.0741881,67108982.13166067,67109025.89901204,67109067.08515766,67109063.88929817,67109083.08276363,67109043.52893217,67109051.65353738,67109024.74223024,67109009.3965863,67109025.83281247,67108980.49704893,67109023.212964,67109007.49176349,67109006.54377478,67109025.86251828,67109028.79240191,67109013.30208562,67109022.74953955,
67109056.98842117,67109047.41486104,67109057.40384969,67109058.42628387,67109048.28205036,67109054.49348107,67109059.052713,67109049.251442,67109052.53312337,67109060.72072887,67109051.04504578,67109050.25291191,67109059.71238348,67109080.07544334,67109078.79410668,67109092.43256332,67109044.35762145,67109050.38202664,67109052.5139168,67109063.28853403,67109018.40986645,67109009.42953803,67109021.00528967,67109019.27058579,67109047.12151346,67109051.6351964,67109052.97511865,67109045.25669098,67109051.58689436,
67109082.27809475,67109084.2581742,67109084.00374842,67109082.59254906,67109084.09344156,67109084.88486804,67109083.5187981,67109084.81102602,67109083.81962876,67109082.47371909,67109085.03104024,67109081.8777005,67109087.43125221,67109060.58210212,67109029.71641867,67109076.78748205,67109085.28466451,67109072.56339444,67109076.40612283,67109055.28516617,67109058.76578464,67109064.40201166,67109060.99043192,67109060.20593545,67109039.95387061,67109053.43244089,67109034.99318591,67109027.14023578,67109022.4721717,
67109021.25816238,67109007.91527423,67109019.11602913,67109026.9436258,67109008.23861855,67109013.99192344,67109025.62255122,67109007.21898584,67109014.17463814,67109031.57199885,67109005.76410936,67109020.83651744,67109008.65875793,67109040.07580633,67109026.6082632,67109066.34613165,67109077.34764795,67109058.52298221,67109069.89186318,67109067.48516701,67109081.86343807,67109079.93143606,67109079.68122897,67109065.98509584,67109036.2340169,67109037.34949188,67109037.97576901,67109036.32595518,67109035.6566876,
67109019.60857089,67108910.13670051,67109004.85906045,67109048.80501786,67108906.98900416,67108983.40913916,67109065.94777404,67108914.34211612,67108963.06719586,67109073.51628146,67108922.94218661,67108969.83883248,67109010.83994044,67109035.98756854,67109042.97916079,67109060.29619211,67109065.71553117,67109054.84479232,67109045.1204396,67109038.72958606,67109046.5457671,67109048.76723018,67109047.37388664,67109050.9538381,67109041.7881276,67109041.47557952,67109038.04889603,67109036.61928329,67109035.64478226,
67108976.24836944,67108812.41590389,67108974.82439633,67109012.17052254,67108817.01136165,67108935.98319367,67109035.48463881,67108834.55627695,67108898.31219386,67109049.60863858,67108861.53792547,67108871.9854711,67109018.16050492,67109059.76940814,67109040.84796324,67109030.09461395,67109046.14488135,67109060.73075353,67109061.49953644,67109064.88908355,67109060.1051755,67109054.85822958,67109047.60255754,67109047.18770991,67109042.52104196,67109038.6606981,67109033.66533463,67109031.27418473,67109031.22261444,
67108866.56273875,67108814.61366515,67108863.39994152,67108877.30231932,67108815.5293514,67108851.5738112,67108884.3739757,67108820.207692996,67108841.04099264,67108888.39215086,67108827.764270484,67108836.352476336,67108874.74990465,67108874.18305232,67108929.22819103,67108967.68499611,67108948.798582,67108936.0194974,67108938.32553817,67108939.98137225,67108945.1391739,67108955.42207353,67108965.1189273,67108971.3146736,67108981.37153362,67108991.71117003,67109006.49290529,67109011.1299127,67109011.96419315,
67108859.93978907,67108823.466741756,67108856.58439456,67108870.8019816,67108822.79022599,67108848.65247662,67108876.05944943,67108825.29510918,67108842.03934471,67108878.22656782,67108832.12654268,67108835.159652084,67108878.28974913,67108768.13498993,67108772.15869481,67108812.01352041,67108872.04145479,67108878.0683126,67108881.4638311,67108882.53288472,67108890.00442873,67108890.3972856,67108897.67603101,67108901.27189401,67108905.8944773,67108910.36884236,67108912.29180703,67108912.0396239,67108912.32952513,
67108836.6673841,67108815.80616459,67108833.37640591,67108843.70842708,67108814.1931034,67108830.25774362,67108848.201984525,67108815.77338667,67108825.95893672,67108847.10666484,67108822.42667384,67108813.68582949,67108866.70288391,67108747.221658126,67108607.86470006,67108692.81458084,67108703.02927672,67108782.69994337,67108855.3340634,67108880.0812298,67108880.59957111,67108886.86160046,67108899.43919039,67108899.08852884,67108893.7961508,67108888.6243183,67108895.89103454,67108899.81866688,67108900.54596628,
67108851.43711489,67108824.14621907,67108846.049681425,67108860.117842905,67108821.68102117,67108842.69674102,67108866.58965942,67108823.75011262,67108836.76481711,67108866.2701917,67108824.79769693,67108839.521650605,67108852.48731276,67108810.09475729,67108704.14047154,67108632.23253976,67108660.1350637,67108675.03619869,67108751.80581487,67108804.399081565,67108829.1010659,67108854.10342535,67108859.55485836,67108888.15097234,67108895.69996507,67108898.67633294,67108895.80190685,67108892.69546935,67108892.93025897,
67108864.94530208,67108857.98668156,67108865.56575306,67108867.14599752,67108858.79993128,67108862.66795371,67108866.75138818,67108858.912190445,67108862.07471162,67108869.11485617,67108859.08017908,67108866.14781448,67108854.40299417,67108852.10194895,67108789.55964126,67108701.78268955,67108647.28236117,67108627.0689552,67108679.11955361,67108737.557686746,67108789.82131672,67108869.15805976,67108864.18618697,67108842.51088108,67108856.96615967,67108882.87541643,67108899.18289565,67108903.04446146,67108903.36007605,
67108853.03914902,67108842.472093366,67108849.527350895,67108854.82461006,67108840.814638816,67108849.84670997,67108858.94260728,67108842.09945842,67108847.08183425,67108855.39364971,67108844.28565098,67108846.3389214,67108855.833952695,67108818.92036094,67108803.784560665,67108754.33785367,67108609.93912363,67108643.03884783,67108640.09164781,67108656.28310472,67108720.29056582,67108762.81207667,67108858.27917982,67108905.59288262,67108898.7871186,67108887.59601305,67108881.06662145,67108881.94202286,67108880.59875698,
67108842.72924969,67108887.74295299,67108843.9250043,67108828.87908436,67108888.06252308,67108853.83507485,67108821.48055695,67108883.7022618,67108864.32419704,67108816.77199819,67108881.79946105,67108857.75585116,67108855.66885395,67108836.61424457,67108817.497411184,67108824.616972834,67108635.32308833,67108579.8893312,67108608.51615044,67108637.00030033,67108645.37024772,67108675.91719389,67108729.28198193,67108789.66928386,67108859.02390362,67108943.61170149,67108924.16755132,67108902.64623834,67108900.4613823,
67108828.65738933,67108754.16870849,67108832.64089029,67108844.618404746,67108757.172683515,67108814.99124784,67108856.86811137,67108767.20188114,67108794.839990005,67108862.14094284,67108781.24864437,67108778.26463995,67108854.47885093,67108852.9231369,67108795.83986658,67108861.6887443,67108758.06175789,67108668.91975716,67108600.48506955,67108611.95784454,67108635.237291515,67108656.59092159,67108679.63938748,67108701.86360456,67108739.33513068,67108839.58089171,67108936.5926403,67108953.36636189,67108961.13281612,
67108849.31193488,67108783.41088953,67108845.59697675,67108865.17419484,67108783.755780086,67108831.04244551,67108875.00771925,67108789.70845057,67108816.943503134,67108880.5415358,67108797.83597176,67108812.60510574,67108858.26936996,67108863.56871483,67108821.51782303,67108811.9366122,67108853.80711275,67108738.98413724,67108613.07134201,67108573.66380781,67108640.790066145,67108668.18485917,67108667.12479049,67108689.78062689,67108718.12441691,67108724.97497507,67108808.074662834,67108845.28627222,67108848.58183333,
67108854.73882131,67108779.74816297,67108849.417736,67108873.36509271,67108779.38391243,67108833.59673383,67108885.24260402,67108785.96483588,67108817.70649775,67108890.4533114,67108794.84738347,67108814.867859885,67108861.99885073,67108849.16083915,67108822.66054113,67108808.79680391,67108847.263848834,67108826.897659354,67108706.32201791,67108607.84964101,67108597.636168316,67108669.55468209,67108709.26404325,67108687.71870289,67108718.644743025,67108726.60393352,67108770.139826216,67108792.63269674,67108793.304864116,
67108863.34948561,67108833.15114494,67108857.05591556,67108870.73817663,67108832.051165655,67108851.10407568,67108874.64310531,67108833.01095624,67108847.20649285,67108876.54918641,67108836.11608023,67108848.474248886,67108864.31174412,67108838.987255104,67108817.8011296,67108814.198697105,67108844.40170133,67108870.20187695,67108737.97790814,67108620.893218495,67108572.81171473,67108682.72948666,67108717.69500228,67108682.2893732,67108717.813114494,67108737.36188578,67108773.52665621,67108790.14681057,67108790.758132204,
67108855.869219676,67108784.67670881,67108850.33738117,67108873.49102962,67108784.06039564,67108835.680640325,67108885.09796973,67108790.28893651,67108820.65270504,67108889.29114525,67108799.013354816,67108818.03854254,67108862.706417784,67108838.78175961,67108817.15997339,67108816.95713897,67108837.166511364,67108869.592757,67108746.74566076,67108627.19948551,67108572.62470406,67108673.46551065,67108729.38735126,67108685.37347615,67108716.4671052,67108740.182868056,67108775.904883035,67108791.169285506,67108791.949392304,
C1
650.7526720100138,637.4245662163306,639.524526585905,661.8759257947028,630.2085411574832,643.182531603529,669.6789517573692,629.471971269035,641.0239481541471,665.8884721641688,619.1730067732417,669.7307256770403,612.8330446830333,504.3798791259043,550.8687818070399,442.46504607363323,761.106270136694,713.4686375465451,772.8835959357104,801.4294545736948,884.5092729965022,1153.602631061059,920.6251073787297,984.0179155646825,753.2874444305196,665.4841229825361,490.1554606040912,505.1849867078234,434.7016678618282,
863.3530609375795,1027.7779031528407,812.7862594146652,849.1735387406958,996.2405847156491,874.9041314191566,840.2303618199276,965.7723996535083,924.7078971214289,810.5869556890674,899.312913777659,1049.9204169736101,680.7938578698532,477.20498033435956,512.6855639330782,487.6584682282971,540.2548701381317,372.76564294677803,837.9564825638536,874.1948317300805,668.89886584621,1162.271619504793,705.3806183693722,721.0560709530026,952.7602989495681,863.694037127758,588.4214570286081,711.5808427565972,569.3024896748807,
610.0617878300292,602.8492115419259,599.6787007341541,617.2279784096272,597.4832849560698,602.3902553653207,620.9849640467503,595.3865282509431,603.4433202164533,618.8536657020053,588.5260534262894,622.6062480428819,586.3609666184137,505.31459248133456,552.4083122156048,439.01734596746144,772.5405237257066,716.7914805147856,737.6401106807195,772.610882466997,895.7073228081696,1094.7945814239283,870.1063207323826,920.9369415230415,738.0360058844532,625.6582455732088,501.3964876550132,525.9555270499203,473.33992774855056,
610.4219783213524,552.8358911775821,608.1205839100106,628.5741350012455,551.0241209973972,597.823938194081,641.1070676678995,557.5490409359074,582.7342804524711,643.2775071085206,560.2673383851121,589.7007012733621,605.8122348967603,508.5660920952989,559.446602885286,422.61306410754435,831.796361854006,805.4784147318584,763.0555682650304,805.6356629575912,934.9339537020281,1177.3702430272315,985.1403122059555,1078.3476260295022,719.7381233329795,627.3222972632625,465.04059316222526,454.5157474697277,396.60392304955553,
840.942182977677,1007.328810717427,790.616383069842,824.9563390035338,976.4230193649565,852.5958071522913,814.8915157375297,945.6858963319419,903.2535872956466,785.3343428259753,880.9367013950894,1023.9034398815077,665.0516952262205,478.6162946434206,513.8325874036888,488.67672716087964,541.9158186382579,372.56260840600055,825.5761369689926,854.5611741262909,681.5373740176308,1135.438415041651,680.8051953251901,690.990773608416,937.448925621914,844.7316752220687,590.2056040442515,712.9862967282353,579.3942839326737,
673.8630609227748,699.9322435655233,656.0318809628498,677.7387559373997,689.564652911233,669.854064951744,678.6600535779365,681.7482416435138,680.5884408791653,672.0901973164629,662.3195310397356,722.8356562885573,615.5152553896556,498.9053314503851,543.6869224633125,448.85621342149085,722.5603335325857,648.3136873251354,758.7400806745906,803.4689823155487,835.5937371754767,1114.7803946301035,851.9459868964236,891.1967855250846,793.1554608733323,681.1207916700953,521.4818674691114,570.5886966350453,496.22949128605944,
583.5554756517516,489.9737140825066,589.8365945429089,607.7351165614343,493.3940964298154,566.915203409863,622.8725289404638,505.60826073657256,541.7396911444647,631.6890327190071,518.7767429608587,531.5005150476837,604.6925484986954,512.751112447949,565.9690689374585,412.9610953411024,872.6356824794784,874.0926504866914,749.06672314725,804.5679680622368,958.2169863454,1181.1603240750449,1044.370423651498,1140.927041834576,696.5727858796159,596.2073939866955,450.12842282291126,425.62644239271617,377.88632883486355,
805.8622417125158,951.1337119344405,761.3327114586345,792.1764344129308,924.2046042375981,815.0049243380773,782.5940108357267,896.7874525724301,860.1049196462546,757.5810541087095,840.16274346204,965.873722308791,652.1075756368341,482.45662775816595,519.0851242691909,483.14047737541233,569.7668054658099,416.27580815475415,804.8611600868246,838.9376350421155,704.3630086209392,1114.7263312409048,698.6985418543358,705.5065892513575,911.8893772755193,808.8447514112744,583.2898305860973,698.2306042947664,578.4469197064018,
737.783117503158,810.189183362175,708.2654290940279,735.7098022582356,792.1046570852856,739.1641698680043,734.3052377823989,776.9061164697304,762.5455274297196,718.8746126166977,741.2645903135103,833.5903473469185,636.4812120073209,491.40680511635105,532.1782644212474,461.92479319868454,661.6090655607992,554.4977570647053,792.3282310203094,826.2318104411022,787.4931056841627,1139.7643958032554,803.1332511646357,840.0912379383086,842.3969513492672,746.2342282905732,539.2171470032715,607.7665922496424,509.127472840396,
555.2782405103621,457.20317695240374,562.1579373248425,578.7604693393026,461.25832140724856,538.1934628456952,594.6761436760281,474.5065934493008,511.46036705700357,603.0078356404862,490.7973944880782,494.55670980248954,586.5181047296521,515.0748561626192,572.7731705889096,408.39553098806704,893.7560917514104,890.7416802007465,742.9770660581679,793.9603125807844,988.8644882400474,1172.93437599823,1027.1493614904966,1140.6637465645063,676.4760510811689,575.5747120902922,445.9975823710854,412.82943815851917,374.4116423594778,
758.7212283756356,877.4041337247414,719.6779019464062,748.0706765716851,854.4200064328334,764.2068582163088,740.2466414267338,831.1377759063557,802.1889207815452,719.3658975684511,784.1409057161868,890.8554071157708,630.3177507161414,487.11447265887205,514.3716146328389,483.12410519675433,584.0504148884569,450.9983491583656,783.2603705887772,789.0277651707405,734.0442865153337,1073.8371292403153,708.4082677403859,691.7256938732554,855.9609694637405,763.639599920378,567.8457737208805,667.9596489160034,563.642535905733,
803.3167107075731,903.1254397463156,769.8890880537838,798.6221274185044,881.0070704148467,810.5736853970943,796.5738839287561,862.4860803968927,839.7540569238241,776.433100487653,815.8039112771071,930.4586292699419,673.2761288347933,485.7212052259925,551.2304137437734,450.73670016015376,680.0448025921992,553.3090665058218,833.7116104767919,931.7760265949191,770.3434440265697,1245.0145759463678,836.108297503125,941.3338612318323,937.9759382798178,816.4307510219191,546.9720877164282,620.5659061397458,500.13786300221835,
560.5947269549592,485.14617926640176,554.644835017376,581.4471763644469,483.96022047881536,539.0799457208445,593.7391125068958,490.3624063448134,523.2914826286008,598.5226247095756,499.30563926266575,520.886046184992,569.8927047824241,507.140695423798,496.9539294131089,454.4660546311845,729.9809413681013,713.6441567183906,721.1876920168489,629.7359904385273,918.9395190964157,1013.3677212926747,892.2085626896824,846.5918214573295,581.4286370207741,557.5476643103946,467.8214160301341,470.5421956520933,426.6302160044968,
482.3695255872504,547.2119333594657,491.59796450316577,463.12931359388216,549.7429895374532,504.21912932285625,452.9342712168071,545.840114620328,515.8291244490423,449.3645343079326,534.7472749437549,532.4111110812584,432.31783017430746,627.1264436739751,879.8929985088174,632.8334852463668,573.4005951613572,616.015741726219,611.262529806746,695.1361624383305,701.0788968067088,669.6369435643571,681.7034877435538,596.5830679502116,718.0514622791211,538.8149023532261,647.331027482175,718.041005947513,746.1966898831954,
683.0880281975694,401.468634473303,651.9334198854417,741.7064764118579,399.5670097990648,595.3019745443573,785.0613184565128,423.0062526948711,540.3362910071125,795.6951033430953,471.632370410759,496.39966904078017,767.7679498443918,700.498262522496,821.7778108325923,672.6093533771148,669.0239976508003,773.9837927669741,682.0849938095595,724.3737728169734,670.8007600167069,646.7503773003007,656.8687509474522,581.72116125864,820.3958437667962,697.2047697723515,592.0663393923193,596.3049586376386,594.6347471556093,
677.6762725632254,361.99482419004516,645.692520742242,754.0186248705132,360.3406427757856,577.1251407710427,797.4962219989377,383.6224316964329,518.3406066007319,821.4481659546163,428.6461150095021,488.49856563375306,738.4254759578454,694.1813752177104,748.8016531806653,692.3067393497599,698.235610775567,732.7569939856533,799.5431880747171,820.9922791676859,730.7119754387957,709.2617233701679,693.7028883417612,657.4226515237498,662.3983214156457,629.9157129761805,572.6947466277967,559.4522981167044,554.8965421597911,
580.3740672740498,362.7607406600975,560.6394662664119,626.7272099496269,362.27577577546054,516.0205746186662,660.7014782750331,381.6074612196146,471.3957406236172,670.6411802020689,416.8579308428348,441.93049916848656,636.1997291230709,611.7503945880517,670.7466937387001,728.3633071409422,706.6559661460362,724.8233629061449,738.105720847953,703.7351269897388,684.4222801997432,699.4898242592824,704.2915891351789,685.6819216480579,668.0670031053304,655.9498310898529,619.3789935943893,608.4858426080654,604.5682212576573,
363.83222031159556,362.8575050716101,351.43671162386534,366.5304055704826,363.09235846926845,344.7702990694101,353.60576306512843,352.9137037190196,358.6028075937906,367.8624375343905,354.12450539633164,354.15193155394724,364.88124451462403,569.0747029089971,547.9654425789125,460.86015073722956,539.8936697529317,576.9554990886933,588.7365641469069,638.6812888921214,620.7279916490713,588.6507813693853,571.5265017066013,535.9615311758948,527.6290011805277,497.15307576939693,454.51277621276415,444.3842869789729,441.2148971165269,
236.1385230687076,331.62993832208974,224.72899049141782,198.22338029995623,334.6043507974574,241.61206522349954,171.5846242218565,317.68919110590275,275.50837423476537,175.33262627701725,295.08239398660237,306.9781526139969,165.7795941391256,574.241364066178,697.7776838094737,683.2088895396367,665.0048404767398,675.4527886458937,669.5680636704826,551.320753995315,549.0613084398273,619.0460136283214,589.3036261445402,545.6065819002058,524.4501788379869,482.16245471583915,444.9968270731171,438.37695008096307,435.7521782008397,
324.22169476219653,258.3304892811338,331.5481719502532,317.6288397686611,273.90377199828646,303.2790107032671,311.36469201935023,279.74889537764,295.66654122023584,329.27958800276286,294.0559828477539,288.53404002781986,311.060983993894,575.5948324523836,1119.4909781335336,881.0662772128229,870.8733397662987,734.3624298885586,683.4189863898507,756.7740618907972,674.3256578578324,509.89826512739256,511.06888852264586,542.683523870001,533.1119469971018,491.89185903675843,438.9779095264179,431.66530293478843,424.090687971673,
257.61918260792936,275.32256307201766,251.98364326743024,235.43719822322132,283.90145740509234,245.40007868937153,215.0144567608266,275.53739463103386,263.7642486677379,220.95228639518928,302.8876538513372,197.18079563125707,361.6065464682647,489.6410159999456,681.6663059175038,1028.3126434957362,975.3266308646349,785.6834084335851,813.8791239158656,684.7217976667802,624.5341515660706,790.0597157339655,650.5201330655531,503.9696631362136,448.0327805787886,435.45391769563776,434.9105030367291,421.1045389410411,429.99793776402953,
126.04822167685866,155.79188466361768,120.95681529806382,111.82373777573801,152.18963405949816,135.20536044169953,114.8784276254001,152.75762200182885,136.1583944031908,105.22226800148823,142.16798426803646,141.2574795474823,114.13227637598862,514.8863799380408,398.95223227950447,595.2943934687297,936.5199598919229,1043.0252680411136,855.0582999887923,905.8647695527699,662.7258101615098,445.78457103187645,559.992293738118,663.2917131984392,591.8998829527771,469.5387884029644,405.0173062333052,424.59628875568956,403.86714083213093,
204.56411570463067,164.25021604199543,213.85317027271486,212.7387106154237,176.13654403065917,187.35549333338187,198.88102819791942,174.617658247995,187.80568093582514,228.6910810074618,180.02812781524148,185.81948925470545,177.59028923616944,521.6206152053736,649.851677828984,484.5478572163401,919.7342130892091,1055.415144930037,1031.9143814008844,873.0902005173677,819.0492039960027,724.6850508768209,419.0620829949623,362.85060103653416,390.18856663711057,497.3895163060396,451.0291298310331,369.1825118497989,391.0760520914077,
197.6551779215155,85.12624114119231,199.96490389585742,229.45361675706235,88.59699368966422,170.16825735098115,242.79658894854006,99.11392229119882,145.51746891307394,259.93652322368587,109.88040738813774,144.4920053720582,200.54856691568773,188.61025837041652,822.439998832362,464.5605611507078,908.3228352883018,1161.4743810363368,1109.4533165762005,1106.8305175777502,872.1471775277497,850.6714830206117,770.6940055880892,646.6126975604457,451.88111642429743,256.22493936104723,273.3550450849409,279.21315190531783,302.7160239753966,
222.0869395615356,310.6016005144661,218.5794684687094,207.05795001085198,306.1110329415544,239.76982778351154,193.51849185409387,294.22457235099824,262.7219215443969,189.133215352747,269.74694493207807,301.4694110781851,161.4613474883221,183.6519637805674,630.4260612570346,708.6755204466574,511.0027460007582,783.4886085616768,1206.1419151460689,1051.6496771978536,1016.2498637228027,854.4762122174176,807.9082618709325,737.7368761807501,660.7676287494842,462.38185219962037,196.04781331339,157.69380660936505,122.12459511612342,
211.74530165210498,372.55142286756654,208.4673664712596,175.96403445988818,365.63237385063053,249.98844738404037,155.9619347723275,348.81428248329973,286.85822728693097,135.69679375337395,326.23426616500007,304.55723938885484,186.85779029861527,71.78889105399641,367.29274830842934,683.1544651297546,659.3625897416589,537.5355963472086,1032.8025077742316,1219.8376499952526,988.4119695520261,880.468257657453,826.5505372043465,732.6938116047935,698.639440612019,699.0636848361453,530.4081909950222,434.5038728698153,444.0180263120691,
185.31448393422613,354.80594308106583,181.08683313339097,142.68805320884303,352.3549386234517,217.77381157407245,111.44271451322471,330.6665518926172,263.2895041237048,101.87614674083814,305.22576529899214,288.1273046391774,130.1836196999362,306.3592927412208,497.5260638250903,526.9328588622714,684.1446271658652,575.3843059829763,697.7171027142989,1041.7422451869718,1073.8597770905983,909.1981796143638,787.7401108538564,811.7437387590805,701.2668462663995,682.983713668829,543.2513365178842,496.169949350223,476.08009742546363,
181.62680206230178,286.61413612839533,166.54476757894494,152.44870397932448,282.44925630791283,191.66251190967867,131.85272700793857,265.1542087238861,224.5568907105894,127.14325825251053,241.71897347610107,258.3252142864743,107.4058316097838,470.98280872402603,583.731126718203,423.62795417664495,655.7349092478689,672.3378788751457,630.840209521692,966.9596635353558,1125.4051866526315,884.1046097265454,755.7758552847462,892.542109802792,685.8556181742075,660.0876312579152,495.2872775896389,463.7202624092904,415.9220570464538,
182.6821084637277,331.77992815066534,173.9187297525252,143.38849590237206,330.144355564104,204.42879167208653,111.67451820930864,307.8686380151168,248.80110822418027,108.860468997974,279.9971432507422,284.66794145980305,100.87455211122878,467.20436479062454,591.0960118046943,455.91520841820255,620.4376673057707,630.005859111748,597.9450364379907,921.5958755219099,1136.8703504804641,915.5241934403814,760.3544050798583,864.9928560115578,696.7583521917535,651.4269223057042,479.3890508415375,461.2970987702313,408.30101909230274,
